00100000000010000000000000100000
00100000000010010000000000110111
00000001000010011000000000100100
00000001000010011000000000100101
10101100000100000000000000000100
10101100000010000000000000001000
00000001000010011000100000100000
00000001000010011001000000100010
00100000000010000000000000100000
00100000000010000000000000100000
00100000000010000000000000100000
00010010001100100000000000010010
10001100000100010000000000000100
00110010001100100000000001001000
00100000000010000000000000100000
00100000000010000000000000100000
00100000000010000000000000100000
00010010001100100000000000001111
10001100000100110000000000001000
00100000000010000000000000100000
00100000000010000000000000100000
00100000000010000000000000100000
00010010000100110000000000001101
00000010010100011010000000101010
00100000000010000000000000100000
00100000000010000000000000100000
00100000000010000000000000100000
00010010100000000000000000001111
00000010001000001001000000100000
00001000000000000000000000010111
00100000000010000000000000000000
00100000000010010000000000000000
00001000000000000000000000111111
00100000000010000000000000000001
00100000000010010000000000000001
00001000000000000000000000111111
00100000000010000000000000000010
00100000000010010000000000000010
00001000000000000000000000111111
00100000000010000000000000000011
00100000000010010000000000000011
00001000000000000000000000111111